09887, 11138 
09057, 11504 
07923, 11627 
06555, 11439 
05068, 11037 
03452, 10404 
01818, 09552 
00242, 08613 
64280, 07486 
62956, 06300 
61843, 05159 
60980, 04045 
60396, 02961 
60127, 02021 
60148, 01196 
60474, 00553 
61093, 00068 
61976, 65313 
63075, 65222 
64378, 65280 
00313, 65532 
01889, 00426 
03473, 00975 
05104, 01617 
06683, 02375 
08168, 03136 
09521, 03964 
10752, 04809 
11769, 05589 
12616, 06398 
13200, 07138 
13561, 07783 
13710, 08358 
13626, 08842 
13355, 09257 
12874, 09572 
12205, 09801 
11393, 09930 
10477, 09964 
09459, 09935 
08351, 09815 
07242, 09611 
06104, 09347 
04979, 08976 
03925, 08524 
02897, 08004 
01998, 07366 
01173, 06671 
00475, 05884 
65456, 05006 
65017, 04077 
64717, 03036 
64589, 01923 
64557, 00814 
64645, 65171 
64866, 63977 
65130, 62815 
65471, 61638 
00317, 60542 
00715, 59549 
01068, 58668 
01424, 57917 
01663, 57323 
01816, 56922 
01834, 56707 
01692, 56697 
01357, 56907 
00890, 57327 
00218, 57922 
64874, 58736 
63832, 59682 
62612, 60770 
61291, 61952 
59821, 63205 
58310, 64503 
56765, 00251 
55247, 01545 
53811, 02726 
52478, 03844 
51327, 04820 
50354, 05697 
49672, 06414 
49292, 06984 
49173, 07406 
49419, 07744 
49997, 07972 
50870, 08088 
52040, 08153 
53497, 08197 
55185, 08274 
57035, 08360 
59000, 08505 
61070, 08749 
63094, 09092 
65089, 09556 
01417, 10115 
03058, 10821 
04499, 11616 
05666, 12521 
06534, 13465 
07097, 14469 
07340, 15419 
07304, 16386 
07012, 17232 
06493, 17990 
05780, 18579 
05016, 18991 
04204, 19158 
03408, 19108 
02721, 18828 
02192, 18295 
01956, 17501 
01943, 16501 
02274, 15324 
02955, 13970 
04003, 12496 
05391, 10909 
07081, 09306 
09066, 07691 
11290, 06187 
13627, 04750 
16074, 03441 
18482, 02309 
20759, 01354 
22870, 00610 
24673, 00076 
26087, 65263 
27053, 65131 
27590, 65151 
27579, 65288 
26964, 00021 
25877, 00319 
24248, 00621 
22141, 00925 
19626, 01139 
16812, 01239 
13730, 01237 
10519, 01035 
07304, 00645 
04178, 00140 
01209, 64950 
64121, 64016 
61892, 62982 
60079, 61769 
58824, 60499 
58120, 59182 
57959, 57857 
58385, 56536 
59365, 55326 
60748, 54241 
62586, 53277 
64771, 52522 
01610, 51929 
04113, 51582 
06600, 51481 
08986, 51587 
11156, 51899 
12988, 52394 
14467, 53085 
15419, 53910 
15876, 54819 
15718, 55838 
15044, 56868 
13783, 57910 
11992, 58931 
09711, 59882 
07012, 60733 
03989, 61565 
00701, 62246 
62831, 62823 
59366, 63312 
55979, 63750 
52741, 64096 
49737, 64364 
47057, 64649 
44741, 64918 
42874, 65189 
41505, 65493 
40599, 00331 
40150, 00728 
40173, 01228 
40628, 01778 
41479, 02391 
42644, 03074 
44103, 03750 
45742, 04448 
47552, 05099 
49426, 05708 
51292, 06223 
53130, 06598 
54844, 06843 
56420, 06901 
57819, 06776 
59044, 06402 
60021, 05858 
60798, 05065 
61358, 04103 
61713, 02897 
61920, 01544 
61927, 00051 
61808, 64011 
61579, 62365 
61294, 60703 
60969, 59072 
60590, 57503 
60192, 56085 
59782, 54795 
59440, 53688 
59116, 52835 
58827, 52185 
58556, 51785 
58362, 51644 
58196, 51748 
58089, 52085 
58026, 52640 
58022, 53378 
58120, 54270 
58262, 55273 
58473, 56398 
58795, 57552 
59187, 58705 
59678, 59851 
60286, 60930 
60993, 61947 
61848, 62803 
62782, 63620 
63828, 64192 
65017, 64775 
00695, 65027 
01962, 65115 
03303, 65162 
04596, 65019 
05867, 64758 
07037, 64341 
08110, 63808 
09022, 63165 
09656, 62451 
10081, 61624 
10225, 60750 
10082, 59748 
09626, 58745 
08844, 57672 
07737, 56581 
06356, 55443 
04669, 54332 
02785, 53132 
00627, 52074 
63909, 50988 
61610, 49917 
59272, 48913 
56993, 47997 
54844, 47198 
52880, 46485 
51176, 45973 
49742, 45602 
48648, 45335 
47939, 45311 
47583, 45436 
47648, 45771 
48109, 46323 
48911, 47006 
50065, 47843 
51552, 48842 
53260, 49933 
55164, 51143 
57181, 52363 
59278, 53615 
61390, 54832 
63431, 56011 
65376, 57077 
01592, 58036 
03163, 58814 
04518, 59472 
05606, 59945 
06456, 60168 
07024, 60252 
07349, 60171 
07476, 59935 
07369, 59568 
07126, 59103 
06732, 58585 
06267, 58023 
05765, 57494 
05222, 57041 
04723, 56659 
04261, 56382 
03850, 56254 
03571, 56272 
03371, 56457 
03264, 56813 
03236, 57315 
03286, 57936 
03404, 58668 
03559, 59443 
03727, 60244 
03886, 61065 
04019, 61750 
04109, 62376 
04134, 62862 
04036, 63148 
03919, 63221 
03697, 63047 
03378, 62662 
03071, 62056 
02673, 61220 
02257, 60159 
01875, 58987 
01546, 57676 
01267, 56329 
01074, 55022 
01016, 53732 
01088, 52590 
01333, 51639 
01751, 50902 
02285, 50504 
03009, 50396 
03836, 50643 
04790, 51270 
05803, 52238 
06866, 53528 
07928, 55149 
08933, 57023 
09862, 59108 
10635, 61314 
11245, 63637 
11677, 00421 
11834, 02663 
11794, 04734 
11495, 06649 
10889, 08299 
10099, 09611 
09060, 10601 
07817, 11230 
06462, 11490 
05013, 11404 
03521, 11000 
02034, 10266 
00648, 09305 
64889, 08183 
63796, 06923 
62933, 05565 
62338, 04234 
62046, 02942 
62097, 01789 
62466, 00809 
63154, 00003 
64181, 64963 
65423, 64636 
01419, 64541 
03128, 64684 
04969, 65024 
06900, 65527 
08803, 00629 
10645, 01331 
12380, 02075 
13902, 02747 
15176, 03367 
16145, 03867 
16757, 04185 
17074, 04342 
16956, 04287 
16474, 04030 
15641, 03599 
14455, 03004 
12943, 02258 
11212, 01416 
09286, 00554 
07199, 65248 
05062, 64503 
02934, 63867 
00904, 63421 
64515, 63241 
62791, 63331 
61337, 63714 
60179, 64421 
59351, 65431 
58896, 01191 
58769, 02761 
59060, 04500 
59678, 06420 
60544, 08414 
61763, 10363 
63186, 12206 
64773, 13900 
00900, 15341 
02613, 16423 
04275, 17157 
05835, 17408 
07213, 17144 
08341, 16465 
09205, 15235 
09761, 13495 
09933, 11342 
09733, 08782 
09164, 05901 
08212, 02800 
06875, 65069 
05269, 61769 
03367, 58552 
01216, 55477 
64450, 52631 
62050, 50142 
59626, 48036 
57232, 46416 
54965, 45295 
52913, 44671 
51079, 44602 
49523, 45001 
48332, 45884 
47509, 47162 
47103, 48794 
47155, 50700 
47560, 52766 
48397, 54923 
49636, 57091 
51193, 59164 
53065, 61039 
55170, 62666 
57496, 64000 
59919, 64997 
62408, 00029 
64887, 00250 
01760, 00050 
04041, 65040 
06084, 64125 
07929, 62947 
09498, 61507 
10709, 59938 
11598, 58247 
12131, 56537 
12291, 54866 
12136, 53273 
11619, 51890 
10782, 50632 
09655, 49664 
08279, 48954 
06714, 48509 
04965, 48323 
03108, 48398 
01187, 48689 
64784, 49214 
62844, 49827 
60977, 50562 
59222, 51375 
57580, 52205 
56085, 52989 
54805, 53716 
53734, 54355 
52863, 54858 
52233, 55233 
51830, 55513 
51646, 55645 
51699, 55649 
51971, 55620 
52449, 55510 
53125, 55380 
53966, 55315 
54982, 55301 
56161, 55395 
57420, 55663 
58820, 56065 
60291, 56689 
61818, 57516 
63306, 58554 
65094, 59727 
01027, 61161 
02411, 62734 
03892, 64415 
05193, 00620 
06414, 02371 
07450, 04065 
08363, 05661 
09104, 07099 
09654, 08339 
09992, 09302 
10191, 09936 
10184, 10286 
09982, 10234 
09651, 09822 
09178, 09036 
08610, 07919 
07936, 06426 
07250, 04697 
06519, 02721 
05845, 00535 
05259, 63765 
04759, 61402 
04427, 59039 
04244, 56713 
04281, 54569 
04496, 52591 
04995, 50859 
05641, 49386 
06528, 48210 
07617, 47352 
08884, 46842 
10289, 46662 
11804, 46793 
13383, 47213 
14963, 47895 
16478, 48794 
17916, 49871 
19218, 51095 
20313, 52406 
21188, 53763 
21821, 55070 
22165, 56337 
22227, 57528 
21991, 58597 
21469, 59574 
20700, 60346 
19671, 60966 
18446, 61470 
17054, 61796 
15524, 62000 
13945, 62074 
12334, 62060 
10780, 61965 
09334, 61869 
07942, 61738 
06729, 61615 
05658, 61559 
04798, 61535 
04110, 61629 
03572, 61733 
03234, 61953 
03026, 62267 
02899, 62636 
02865, 63069 
02814, 63551 
02745, 64034 
02618, 64535 
02392, 65007 
02010, 65429 
01469, 00230 
00795, 00487 
65419, 00642 
64425, 00649 
63231, 00534 
61935, 00292 
60578, 65438 
59185, 64925 
57880, 64328 
56648, 63602 
55558, 62841 
54714, 62050 
54127, 61236 
53886, 60488 
53988, 59750 
54497, 59145 
55360, 58610 
56644, 58216 
58284, 57989 
60232, 57912 
62504, 58024 
64960, 58303 
02035, 58721 
04687, 59302 
07324, 60032 
09886, 60833 
12220, 61690 
14273, 62594 
15978, 63495 
17324, 64372 
18217, 65148 
18640, 00273 
18607, 00851 
18111, 01248 
17185, 01428 
15933, 01473 
14329, 01285 
12506, 00904 
10541, 00385 
08516, 65211 
06535, 64365 
04677, 63450 
03033, 62428 
01683, 61402 
00655, 60344 
00027, 59413 
65353, 58526 
00056, 57781 
00671, 57199 
01711, 56788 
03086, 56579 
04754, 56601 
06600, 56827 
08570, 57264 
10585, 57911 
12498, 58687 
14281, 59645 
15798, 60678 
17014, 61769 
17847, 62890 
18251, 63965 
18227, 64960 
17732, 00313 
16772, 01071 
15403, 01570 
13691, 01886 
11647, 01972 
09362, 01763 
06956, 01324 
04452, 00671 
01996, 65298 
65198, 64210 
63093, 62972 
61208, 61519 
59694, 60065 
58564, 58575 
57814, 57116 
57528, 55678 
57617, 54347 
58112, 53173 
58927, 52187 
60002, 51454 
61328, 50910 
62795, 50649 
64305, 50645 
00236, 50905 
01627, 51408 
02821, 52147 
03753, 53101 
04383, 54231 
04684, 55525 
04634, 56926 
04197, 58463 
03392, 59986 
02273, 61557 
00848, 63109 
64708, 64620 
62874, 00581 
60894, 01995 
58953, 03309 
57002, 04557 
55160, 05744 
53537, 06824 
52151, 07827 
51064, 08772 
50307, 09686 
49894, 10529 
49856, 11324 
50208, 12096 
50879, 12812 
51905, 13484 
53199, 14125 
54744, 14715 
56458, 15208 
58305, 15633 
60198, 15970 
62151, 16161 
64037, 16220 
00298, 16147 
01945, 15865 
03448, 15428 
04731, 14771 
05830, 13900 
06707, 12843 
07327, 11593 
07739, 10191 
07960, 08631 
08001, 06936 
07836, 05163 
07564, 03334 
07150, 01530 
06647, 65231 
06036, 63485 
05330, 61797 
04607, 60259 
03803, 58896 
02956, 57675 
02045, 56653 
01148, 55784 
00164, 55138 
64664, 54642 
63560, 54265 
62424, 54041 
61235, 53917 
60010, 53843 
58738, 53787 
57440, 53738 
56158, 53586 
54906, 53421 
53666, 53118 
52538, 52684 
51544, 52163 
50645, 51488 
49916, 50689 
49413, 49778 
49107, 48840 
49053, 47845 
49221, 46843 
49645, 45879 
50314, 45006 
51239, 44312 
52361, 43791 
53688, 43479 
55158, 43479 
56762, 43742 
58442, 44306 
60153, 45208 
61849, 46354 
63487, 47856 
65027, 49595 
00872, 51549 
02176, 53687 
03242, 55909 
04086, 58232 
04749, 60527 
05172, 62705 
05432, 64798 
05482, 01156 
05357, 02776 
05070, 04157 
04696, 05186 
04254, 05938 
03739, 06374 
03181, 06393 
02659, 06178 
02174, 05685 
01750, 04982 
01384, 04092 
01135, 03085 
00945, 02027 
00854, 00950 
00870, 65474 
00929, 64581 
01101, 63824 
01327, 63265 
01575, 62895 
01850, 62778 
02160, 62827 
02477, 63096 
02778, 63533 
03106, 64119 
03430, 64804 
03744, 65499 
04077, 00651 
04441, 01307 
04832, 01807 
05226, 02211 
05675, 02242 
06233, 02122 
06843, 01783 
07491, 01122 
08221, 00188 
09009, 64530 
09838, 63088 
10705, 61458 
11560, 59738 
12413, 57888 
13194, 56054 
13905, 54225 
14472, 52543 
14882, 50998 
15144, 49687 
15150, 48707 
14936, 48000 
14469, 47639 
13759, 47642 
12772, 48011 
11560, 48691 
10131, 49724 
08463, 51015 
06678, 52509 
04813, 54194 
02814, 55960 
00849, 57784 
64473, 59573 
62616, 61308 
60925, 62875 
59397, 64258 
58085, 65422 
57015, 00810 
56219, 01455 
55680, 01855 
55450, 01991 
55433, 01911 
55610, 01647 
56034, 01225 
56629, 00687 
57296, 00150 
58039, 65157 
58828, 64680 
59548, 64325 
60235, 64151 
60790, 64183 
61205, 64411 
61492, 64917 
61586, 00106 
61510, 01076 
61292, 02236 
60925, 03585 
60428, 05046 
59851, 06653 
59210, 08279 
58571, 09872 
57980, 11367 
57466, 12744 
57046, 13932 
56786, 14877 
56674, 15554 
56763, 15976 
57025, 16064 
57449, 15826 
58051, 15338 
58807, 14557 
59624, 13503 
60505, 12269 
61470, 10843 
62333, 09349 
63127, 07784 
63824, 06219 
64287, 04714 
64590, 03337 
64605, 02121 
64405, 01069 
63913, 00267 
63143, 65221 
62130, 64905 
60879, 64877 
59474, 65074 
57893, 65510 
56246, 00617 
54591, 01429 
52960, 02392 
51400, 03434 
50009, 04571 
48862, 05675 
47922, 06787 
47301, 07842 
47020, 08821 
47092, 09649 
47484, 10347 
48194, 10940 
49284, 11324 
50632, 11573 
52180, 11682 
53950, 11642 
55861, 11473 
57854, 11204 
59834, 10860 
61805, 10407 
63666, 09985 
65372, 09490 
01347, 08987 
02642, 08539 
03690, 08066 
04466, 07668 
04985, 07315 
05276, 06993 
05295, 06728 
05116, 06513 
04726, 06330 
04206, 06199 
03604, 06108 
02887, 06005 
02191, 05966 
01501, 05922 
00874, 05902 
00312, 05864 
65421, 05860 
65123, 05852 
64969, 05874 
64976, 05836 
65140, 05842 
65470, 05849 
00378, 05885 
00964, 05899 
01642, 05927 
02427, 05973 
03264, 05997 
04179, 06025 
05142, 06046 
06074, 06070 
07004, 06025 
07920, 05986 
08790, 05883 
09582, 05736 
10378, 05540 
11073, 05263 
11686, 04942 
12239, 04600 
12645, 04171 
12946, 03694 
13103, 03199 
13149, 02641 
13059, 02065 
12776, 01525 
12306, 00996 
11669, 00485 
10852, 00063 
09810, 65232 
08554, 64927 
07129, 64739 
05491, 64663 
03674, 64704 
01724, 64863 
65182, 65149 
63052, 00031 
60877, 00546 
58710, 01150 
56628, 01829 
54686, 02569 
52936, 03368 
51427, 04199 
50233, 05022 
49393, 05841 
48958, 06621 
48925, 07333 
49320, 07972 
50199, 08555 
51510, 09032 
53256, 09396 
55395, 09653 
57832, 09838 
60587, 09902 
63513, 09839 
01038, 09670 
04105, 09423 
07132, 09078 
10006, 08653 
12661, 08160 
14971, 07594 
16918, 06934 
18445, 06210 
19478, 05454 
19991, 04613 
20007, 03694 
19530, 02757 
18593, 01721 
17197, 00625 
15463, 65042 
13423, 63841 
11185, 62599 
08826, 61319 
06456, 60024 
04135, 58734 
01992, 57433 
00120, 56154 
64065, 54931 
62866, 53774 
62093, 52721 
61757, 51783 
61840, 50967 
62396, 50333 
63323, 49849 
64608, 49573 
00608, 49475 
02363, 49593 
04249, 49924 
06133, 50418 
07975, 51086 
09604, 51920 
10995, 52912 
12053, 54002 
12698, 55164 
12912, 56408 
12601, 57679 
11785, 58923 
10492, 60167 
08663, 61347 
06383, 62450 
03759, 63484 
00785, 64414 
63098, 65256 
59745, 00434 
56357, 01126 
53057, 01696 
49874, 02240 
46887, 02738 
44302, 03240 
42097, 03783 
40351, 04332 
39077, 04979 
38290, 05714 
38065, 06503 
38344, 07379 
39069, 08376 
40234, 09440 
41767, 10574 
43616, 11766 
45682, 12980 
47881, 14160 
50115, 15278 
52267, 16272 
54370, 17145 
56264, 17790 
57887, 18252 
59215, 18396 
60204, 18259 
60829, 17830 
61072, 17049 
60982, 15969 
60541, 14533 
59834, 12801 
58847, 10833 
57711, 08649 
56421, 06274 
55094, 03780 
53805, 01280 
52579, 64277 
51540, 61835 
50698, 59556 
50122, 57469 
49851, 55634 
49947, 54114 
50348, 52959 
51092, 52136 
52198, 51690 
53608, 51666 
55273, 52011 
57145, 52673 
59186, 53665 
61352, 54925 
63570, 56432 
00176, 58081 
02261, 59859 
04146, 61646 
05837, 63428 
07248, 65148 
08374, 01224 
09181, 02619 
09615, 03839 
09696, 04844 
09444, 05552 
08889, 06030 
07988, 06254 
06861, 06225 
05543, 06013 
04029, 05560 
02439, 04980 
00823, 04272 
64751, 03474 
63224, 02681 
61798, 01835 
60562, 01057 
59563, 00352 
58770, 65264 
58218, 64787 
57962, 64435 
57942, 64190 
58156, 64143 
58566, 64163 
59182, 64359 
59917, 64670 
60723, 65046 
61585, 65499 
62401, 00475 
63187, 01025 
63842, 01551 
64313, 02101 
64592, 02603 
64615, 03058 
64391, 03471 
63883, 03859 
63111, 04169 
62113, 04439 
60850, 04651 
59427, 04832 
57802, 04977 
56083, 05088 
54348, 05196 
52591, 05274 
50917, 05343 
49411, 05412 
48120, 05442 
47059, 05458 
46322, 05471 
45962, 05434 
45972, 05335 
46384, 05207 
47220, 04994 
48468, 04690 
50113, 04306 
52117, 03833 
54444, 03271 
57032, 02569 
59860, 01786 
62795, 00925 
00254, 00024 
03273, 64591 
06186, 63610 
08907, 62589 
11441, 61627 
13678, 60712 
15525, 59916 
17015, 59232 
18101, 58694 
18705, 58258 
18852, 58022 
18566, 58015 
17853, 58102 
16733, 58395 
15213, 58828 
13381, 59416 
11314, 60063 
09056, 60773 
06653, 61479 
04199, 62179 
01759, 62787 
64909, 63257 
62693, 63548 
60611, 63669 
58808, 63524 
57264, 63123 
56042, 62436 
55089, 61491 
54532, 60257 
54286, 58754 
54306, 57048 
54681, 55138 
55303, 53079 
56143, 50976 
57176, 48833 
58341, 46708 
59576, 44722 
60845, 42898 
62102, 41280 
63305, 39983 
64363, 38937 
65281, 38304 
00467, 38007 
00979, 38092 
01215, 38594 
01161, 39450 
00883, 40623 
00340, 42102 
65053, 43826 
64001, 45727 
62730, 47761 
61294, 49868 
59702, 51936 
58017, 53933 
56271, 55804 
54526, 57489 
52826, 58916 
51193, 60068 
49698, 60968 
48392, 61511 
47275, 61740 
46443, 61679 
45840, 61366 
45579, 60764 
45604, 59998 
45961, 59093 
46641, 58092 
47612, 57031 
48856, 55961 
50394, 54925 
52160, 54041 
54089, 53287 
56174, 52736 
58359, 52333 
60604, 52167 
62863, 52227 
65053, 52479 
01605, 52902 
03536, 53493 
05365, 54238 
06891, 55037 
08190, 55921 
09219, 56838 
09952, 57702 
10415, 58509 
10566, 59264 
10450, 59870 
10047, 60359 
09410, 60732 
08592, 60947 
07538, 61057 
06394, 61030 
05142, 60950 
03782, 60819 
02411, 60652 
01058, 60542 
65266, 60487 
64013, 60495 
62872, 60623 
61840, 60931 
60949, 61408 
60175, 62036 
59573, 62892 
59080, 63885 
58757, 65049 
58568, 00773 
58474, 02166 
58471, 03624 
58581, 05029 
58756, 06446 
59014, 07756 
59305, 08936 
59617, 09907 
60009, 10654 
60404, 11162 
60848, 11351 
61315, 11262 
61823, 10857 
62395, 10212 
62986, 09257 
63678, 08041 
64408, 06648 
65202, 05084 
00512, 03415 
01445, 01693 
02437, 65479 
03408, 63803 
04433, 62194 
05456, 60785 
06451, 59532 
07400, 58523 
08217, 57660 
08927, 57073 
09495, 56741 
09855, 56539 
10016, 56581 
09970, 56762 
09670, 57054 
09118, 57435 
08315, 57823 
07292, 58227 
06052, 58555 
04602, 58804 
03062, 58930 
01388, 58894 
65177, 58763 
63507, 58460 
61857, 58059 
60322, 57556 
58980, 56974 
57877, 56389 
57051, 55807 
56523, 55348 
56339, 55057 
56510, 54911 
57028, 55048 
57872, 55469 
59048, 56216 
60498, 57317 
62184, 58789 
64047, 60620 
00483, 62787 
02432, 65241 
04401, 02414 
06252, 05351 
07933, 08376 
09350, 11438 
10434, 14420 
11216, 17301 
11588, 19955 
11544, 22233 
11062, 24166 
10219, 25634 
08955, 26594 
07320, 26988 
05413, 26854 
03201, 26161 
00821, 24909 
63844, 23179 
61297, 20977 
58787, 18393 
56318, 15544 
54060, 12493 
51922, 09348 
50112, 06188 
48586, 03146 
47320, 00298 
46360, 63288 
45762, 61078 
45443, 59284 
45394, 57977 
45536, 57164 
45856, 56822 
46346, 56961 
46915, 57577 
47519, 58582 
48102, 59935 
48614, 61573 
49032, 63408 
49332, 65373 
49490, 01822 
49491, 03745 
49312, 05530 
49008, 07166 
48601, 08528 
48070, 09540 
47488, 10307 
46895, 10682 
46326, 10709 
45790, 10425 
45421, 09864 
45161, 08998 
45065, 07901 
45186, 06670 
45504, 05364 
46051, 03997 
46784, 02645 
47706, 01365 
48783, 00220 
50036, 64740 
51333, 63887 
52693, 63277 
54019, 62865 
55276, 62636 
56423, 62572 
57466, 62700 
58284, 62959 
58868, 63305 
59227, 63724 
59346, 64098 
59198, 64500 
58804, 64851 
58234, 65119 
57439, 65287 
56530, 65319 
55544, 65292 
54509, 65139 
53555, 64885 
52689, 64599 
51984, 64293 
51509, 63988 
51288, 63711 
51377, 63520 
51820, 63429 
52638, 63501 
53817, 63740 
55379, 64133 
57316, 64746 
59548, 65527 
62059, 00924 
64801, 02004 
02200, 03173 
05232, 04372 
08317, 05587 
11324, 06775 
14205, 07811 
16921, 08699 
19363, 09314 
21506, 09690 
23341, 09735 
24735, 09451 
25671, 08803 
26212, 07799 
26330, 06479 
25977, 04826 
25218, 02909 
24069, 00811 
22609, 64070 
20852, 61771 
18850, 59514 
16703, 57305 
14422, 55326 
12099, 53560 
09783, 52194 
07567, 51161 
05451, 50604 
03486, 50527 
01793, 50917 
00306, 51825 
64630, 53186 
63692, 54970 
63036, 57152 
62645, 59666 
62537, 62420 
62658, 65313 
62996, 02738 
63514, 05671 
64183, 08528 
64961, 11205 
00241, 13604 
01090, 15652 
01992, 17343 
02796, 18637 
03546, 19494 
04185, 19910 
04732, 19926 
05152, 19532 
05417, 18782 
05576, 17756 
05593, 16441 
05513, 14989 
05328, 13381 
05070, 11758 
04750, 10139 
04404, 08606 
04064, 07182 
03721, 05965 
03415, 04893 
03137, 04035 
02956, 03438 
02814, 03041 
02759, 02819 
02759, 02801 
02817, 02904 
02940, 03071 
03056, 03343 
03154, 03613 
03257, 03858 
03244, 04043 
03178, 04122 
02984, 04096 
02629, 03920 
02101, 03577 
01411, 03101 
00538, 02507 
64991, 01732 
63756, 00889 
62355, 65473 
60796, 64502 
59169, 63485 
57512, 62499 
55840, 61575 
54246, 60714 
52779, 59958 
51511, 59329 
50439, 58826 
49722, 58429 
49327, 58162 
49340, 58015 
49768, 57964 
50594, 57988 
51863, 58048 
53605, 58133 
55703, 58179 
58144, 58229 
60917, 58191 
63867, 58084 
01416, 57858 
04592, 57509 
07691, 57076 
10654, 56550 
13356, 55912 
15744, 55220 
17701, 54508 
19184, 53773 
20126, 53109 
20445, 52431 
20208, 51908 
19350, 51505 
17898, 51299 
15871, 51320 
13363, 51508 
10410, 51965 
07108, 52671 
03574, 53583 
65414, 54755 
61714, 56074 
58048, 57616 
54578, 59259 
51344, 60993 
48480, 62828 
46000, 64601 
43963, 00840 
42444, 02495 
41379, 04017 
40803, 05396 
40682, 06580 
40939, 07541 
41542, 08298 
42436, 08804 
43504, 09073 
44687, 09178 
45853, 09017 
46975, 08702 
47964, 08285 
48706, 07711 
49223, 07089 
49428, 06451 
49290, 05784 
48889, 05173 
48178, 04636 
47205, 04193 
46049, 03870 
44752, 03682 
43408, 03640 
42029, 03717 
40794, 03974 
39732, 04338 
38907, 04825 
38395, 05436 
38288, 06098 
38549, 06862 
39237, 07635 
40369, 08437 
41906, 09225 
43810, 09982 
46042, 10721 
48448, 11393 
51210, 11942 
53789, 12511 
56376, 13000 
59014, 13367 
61338, 13661 
63485, 13853 
65218, 13966 
01079, 14006 
01991, 13953 
02499, 13835 
02578, 13669 
02242, 13386 
01564, 13006 
00598, 12568 
64939, 12017 
63623, 11342 
62291, 10605 
60981, 09755 
59919, 08738 
59014, 07656 
58432, 06424 
58277, 05115 
58503, 03684 
59180, 02174 
60249, 00577 
61758, 64477 
63642, 62838 
00292, 61197 
02677, 59634 
05168, 58123 
07700, 56788 
10144, 55589 
12406, 54620 
14366, 53901 
15913, 53434 
17025, 53302 
17605, 53444 
17615, 53931 
17063, 54781 
15964, 55938 
14317, 57390 
12198, 59164 
09723, 61214 
06903, 63465 
03931, 00306 
00870, 02801 
63404, 05382 
60582, 07934 
58024, 10432 
55857, 12790 
54165, 14916 
52987, 16795 
52411, 18385 
52424, 19613 
52998, 20484 
54123, 20919 
55761, 20941 
57779, 20602 
60112, 19750 
62644, 18602 
65274, 17112 
02294, 15260 
04681, 13213 
06763, 10983 
08485, 08580 
09693, 06140 
10388, 03725 
10446, 01419 
09882, 64793 
08774, 62887 
07030, 61249 
04803, 59948 
02130, 59025 
64687, 58511 
61459, 58428 
58144, 58746 
54899, 59518 
51775, 60703 
48952, 62213 
46512, 64044 
44557, 00619 
43202, 02939 
42484, 05422 
42382, 07920 
42898, 10408 
44121, 12812 
45908, 15061 
48209, 17089 
50949, 18823 
54016, 20218 
57363, 21225 
60787, 21789 
64193, 21959 
01947, 21678 
04995, 21009 
07714, 19925 
10036, 18501 
11861, 16762 
13144, 14781 
13934, 12640 
14151, 10367 
13878, 08067 
13093, 05803 
11904, 03649 
10372, 01712 
08547, 65515 
06540, 64112 
04410, 63032 
02401, 62392 
00363, 62069 
64008, 62120 
62403, 62554 
61023, 63354 
59973, 64416 
59269, 00222 
58929, 01756 
58860, 03436 
59125, 05135 
59679, 06857 
60447, 08513 
61354, 09968 
62410, 11266 
63530, 12277 
64609, 13018 
00105, 13402 
01036, 13487 
01814, 13232 
02373, 12634 
02716, 11716 
02884, 10562 
02828, 09168 
02560, 07593 
02100, 05916 
01472, 04193 
00731, 02432 
65447, 00764 
64585, 64773 
63704, 63373 
62906, 62192 
62177, 61248 
61555, 60561 
61072, 60105 
60746, 59918 
60616, 59955 
60646, 60230 
60852, 60639 
61212, 61242 
61704, 61867 
62373, 62529 
63087, 63268 
63874, 63938 
64714, 64542 
00054, 65009 
00890, 65364 
01688, 00070 
02422, 00112 
03096, 00030 
03662, 65342 
04135, 65025 
04488, 64631 
04751, 64165 
04901, 63727 
04952, 63280 
04939, 62879 
04817, 62571 
04664, 62394 
04439, 62355 
04158, 62427 
03855, 62655 
03526, 63040 
03160, 63510 
02765, 64052 
02384, 64649 
01943, 65249 
01488, 00293 
01042, 00782 
00518, 01136 
00011, 01303 
64963, 01317 
64360, 01061 
63733, 00562 
63050, 65355 
62395, 64360 
61667, 63163 
60929, 61758 
60213, 60197 
59504, 58570 
58847, 56902 
58220, 55279 
57653, 53770 
57136, 52420 
56743, 51334 
56490, 50538 
56311, 50117 
56286, 50082 
56412, 50504 
56678, 51335 
57111, 52594 
57663, 54274 
58359, 56320 
59233, 58683 
60246, 61252 
61374, 64001 
62590, 01326 
63895, 04169 
65265, 06904 
01175, 09458 
02643, 11737 
04110, 13681 
05562, 15258 
06994, 16335 
08342, 16954 
09616, 17109 
10777, 16788 
11797, 15940 
12695, 14708 
13416, 13109 
13951, 11154 
14334, 08969 
14477, 06632 
14396, 04195 
14130, 01727 
13668, 64885 
12987, 62624 
12107, 60557 
11032, 58727 
09826, 57174 
08463, 55898 
06971, 54929 
05409, 54257 
03799, 53847 
02160, 53713 
00582, 53787 
64590, 54032 
63132, 54413 
61814, 54896 
60645, 55391 
59677, 55892 
58946, 56389 
58430, 56825 
58196, 57185 
58157, 57469 
58424, 57679 
58907, 57842 
59632, 57994 
60565, 58071 
61691, 58197 
62951, 58358 
64348, 58585 
00272, 58940 
01766, 59395 
03264, 60002 
04713, 60751 
06093, 61706 
07370, 62753 
08517, 63934 
09512, 65221 
10313, 01069 
10944, 02443 
11411, 03804 
11703, 05110 
11812, 06296 
11750, 07337 
11574, 08149 
11288, 08761 
10915, 09125 
10469, 09210 
09985, 09059 
09494, 08629 
08979, 08001 
08508, 07184 
08079, 06213 
07652, 05170 
07310, 04070 
07020, 02993 
06766, 01971 
06564, 01085 
06360, 00317 
06234, 65365 
06102, 65111 
05971, 65068 
05856, 65247 
05715, 00132 
05574, 00784 
05392, 01564 
05235, 02483 
05110, 03468 
04962, 04463 
04840, 05391 
04722, 06186 
04684, 06771 
04740, 07130 
04840, 07203 
05088, 06960 
05403, 06350 
05809, 05416 
06317, 04158 
06936, 02566 
07648, 00723 
08421, 64216 
09252, 62007 
10097, 59713 
10919, 57446 
11689, 55233 
12387, 53193 
12948, 51364 
13358, 49841 
13562, 48648 
13569, 47804 
13357, 47367 
12909, 47336 
12209, 47690 
11227, 48394 
10086, 49416 
08741, 50715 
07232, 52230 
05636, 53866 
03941, 55555 
02238, 57242 
00565, 58829 
64558, 60285 
63117, 61536 
61911, 62498 
60930, 63174 
60181, 63577 
59753, 63640 
59582, 63398 
59738, 62886 
60151, 62118 
60853, 61165 
61770, 60062 
62855, 58849 
64064, 57610 
65374, 56386 
01164, 55265 
02412, 54234 
03575, 53350 
04571, 52656 
05380, 52155 
05920, 51864 
06204, 51751 
06193, 51791 
05912, 51973 
05308, 52315 
04453, 52655 
03359, 53042 
02048, 53406 
00631, 53678 
64648, 53909 
63096, 53942 
61562, 53860 
60107, 53612 
58793, 53193 
57648, 52596 
56756, 51864 
56119, 51070 
55706, 50146 
55607, 49217 
55748, 48300 
56174, 47406 
56829, 46598 
57648, 45909 
58621, 45376 
59682, 45017 
60764, 44813 
61856, 44798 
62857, 44950 
63796, 45288 
64538, 45740 
65072, 46284 
65435, 46896 
00015, 47521 
65423, 48112 
65041, 48692 
64469, 49157 
63698, 49500 
62796, 49762 
61740, 49857 
60646, 49847 
59505, 49760 
58397, 49579 
57337, 49390 
56389, 49238 
55594, 49159 
54971, 49210 
54524, 49446 
54284, 49978 
54245, 50784 
54436, 51905 
54806, 53414 
55351, 55300 
56032, 57561 
56836, 60145 
57745, 63057 
58707, 00676 
59717, 04025 
60714, 07448 
61725, 10895 
62662, 14253 
63560, 17414 
64422, 20318 
65193, 22804 
00399, 24875 
01075, 26410 
01781, 27388 
02463, 27805 
03148, 27582 
03899, 26785 
04694, 25455 
05555, 23637 
06503, 21389 
07519, 18821 
08637, 16010 
09838, 13112 
11078, 10217 
12357, 07413 
13615, 04792 
14877, 02494 
16067, 00573 
17106, 64651 
18009, 63608 
18743, 63079 
19197, 63042 
19425, 63421 
19351, 64218 
18958, 65359 
18303, 01210 
17308, 02770 
16025, 04399 
14498, 05974 
12737, 07416 
10811, 08653 
08730, 09579 
06595, 10188 
04458, 10339 
02358, 10090 
00398, 09428 
64184, 08404 
62630, 06947 
61375, 05224 
60425, 03253 
59866, 01156 
59638, 64529 
59731, 62408 
60216, 60427 
61017, 58640 
62114, 57168 
63422, 56058 
64959, 55380 
01064, 55094 
02778, 55245 
04496, 55843 
06140, 56844 
07667, 58154 
08987, 59749 
10060, 61555 
10881, 63430 
11330, 65340 
11498, 01596 
11295, 03226 
10742, 04593 
09866, 05604 
08666, 06273 
07190, 06456 
05462, 06240 
03531, 05587 
01463, 04483 
64836, 03054 
62646, 01248 
60346, 64770 
58186, 62580 
56205, 60334 
54273, 58124 
52546, 56001 
50993, 54084 
49695, 52425 
48598, 51130 
47724, 50202 
47141, 49738 
46721, 49657 
46566, 50007 
46607, 50806 
46823, 51911 
47225, 53362 
47773, 55058 
48443, 56912 
49192, 58874 
50064, 60845 
51034, 62748 
52056, 64504 
53116, 00553 
54251, 01857 
55379, 02913 
56568, 03608 
57789, 03997 
59045, 04076 
60301, 03822 
61546, 03325 
62826, 02611 
64095, 01696 
65380, 00671 
01034, 65151 
02225, 64063 
03364, 63043 
04466, 62121 
05383, 61343 
06210, 60775 
06987, 60363 
07614, 60230 
08080, 60303 
08423, 60575 
08574, 61049 
08575, 61732 
08439, 62544 
08186, 63496 
07742, 64538 
07225, 00100 
06590, 01234 
05896, 02348 
05145, 03462 
04339, 04520 
03538, 05514 
02755, 06475 
02012, 07348 
01334, 08148 
00713, 08901 
00158, 09604 
65239, 10272 
64864, 10866 
64572, 11417 
64361, 11948 
64207, 12385 
64108, 12801 
64023, 13150 
63961, 13400 
63851, 13501 
63715, 13511 
63575, 13366 
63330, 13051 
63030, 12536 
62650, 11825 
62170, 10911 
61631, 09833 
60983, 08571 
60332, 07107 
59646, 05533 
58905, 03911 
58227, 02213 
57594, 00593 
57059, 64604 
56610, 63222 
56307, 62092 
56182, 61265 
56245, 60770 
56493, 60694 
56934, 61049 
57590, 61836 
58422, 63083 
59458, 64761 
60644, 01309 
61925, 03752 
63298, 06466 
64705, 09363 
00525, 12373 
01819, 15364 
02993, 18238 
03980, 20884 
04778, 23234 
05309, 25133 
05535, 26540 
05462, 27387 
05031, 27604 
04307, 27215 
03270, 26187 
01901, 24540 
00321, 22338 
64044, 19637 
62077, 16580 
59997, 13250 
57931, 09708 
55894, 06188 
53983, 02710 
52265, 65076 
50773, 62209 
49637, 59791 
48843, 57949 
48440, 56707 
48460, 56134 
48923, 56202 
49829, 56941 
51156, 58281 
52798, 60200 
54833, 62597 
57138, 65348 
59575, 02786 
62175, 05858 
64792, 08916 
01830, 11812 
04231, 14390 
06389, 16569 
08268, 18239 
09730, 19276 
10795, 19672 
11387, 19420 
11449, 18450 
11026, 16849 
10104, 14644 
08734, 11873 
06893, 08734 
04711, 05210 
02255, 01547 
65077, 63326 
62286, 59662 
59440, 56184 
56657, 53057 
54065, 50320 
51702, 48151 
49682, 46579 
48064, 45599 
46922, 45294 
46236, 45617 
46102, 46578 
46491, 48072 
47360, 50117 
48748, 52553 
50574, 55301 
52771, 58267 
55273, 61319 
58025, 64382 
60869, 01784 
63805, 04482 
01088, 06947 
03828, 09021 
06362, 10705 
08544, 11981 
10399, 12774 
11824, 13195 
12826, 13183 
13350, 12811 
13381, 12103 
12990, 11166 
12099, 10081 
10858, 08843 
09233, 07584 
07292, 06356 
05110, 05246 
02785, 04244 
00347, 03472 
63384, 02871 
60951, 02515 
58561, 02400 
56376, 02506 
54357, 02802 
52538, 03297 
50978, 03928 
49692, 04618 
48665, 05373 
47888, 06145 
47380, 06880 
47090, 07520 
47051, 08065 
47134, 08477 
47387, 08745 
47783, 08856 
48276, 08813 
48816, 08624 
49441, 08263 
50076, 07814 
50754, 07321 
51408, 06741 
52095, 06131 
52802, 05539 
53509, 04990 
54318, 04516 
55145, 04104 
56009, 03824 
56983, 03652 
58021, 03618 
59186, 03663 
60422, 03805 
61780, 04029 
63239, 04318 
64778, 04688 
00874, 05017 
02540, 05361 
04250, 05637 
05941, 05860 
07643, 05977 
09237, 05946 
10755, 05809 
12166, 05498 
13401, 05080 
14418, 04469 
15284, 03723 
15910, 02850 
16279, 01800 
16510, 00733 
16418, 65054 
16086, 63833 
15616, 62555 
14912, 61310 
14083, 60130 
13117, 58969 
12048, 57934 
10948, 57016 
09809, 56291 
08688, 55698 
07649, 55324 
06616, 55185 
05745, 55267 
05002, 55579 
04365, 56140 
03884, 56951 
03581, 58006 
03428, 59274 
03411, 60723 
03580, 62390 
03815, 64211 
04171, 00619 
04628, 02684 
05111, 04791 
05654, 06888 
06177, 08973 
06693, 10957 
07174, 12804 
07573, 14492 
07939, 15945 
08174, 17129 
08298, 18020 
08316, 18575 
08182, 18770 
07934, 18619 
07575, 18070 
07119, 17161 
06507, 15937 
05822, 14404 
05073, 12588 
04251, 10570 
03389, 08391 
02525, 06127 
01652, 03835 
00830, 01617 
00078, 65053 
64891, 63159 
64340, 61535 
63911, 60217 
63580, 59266 
63494, 58704 
63580, 58556 
63853, 58840 
64365, 59533 
65087, 60587 
00460, 61987 
01584, 63644 
02924, 65528 
04392, 02010 
06002, 04082 
07736, 06097 
09526, 08012 
11347, 09724 
13178, 11115 
14910, 12189 
16478, 12851 
17919, 13117 
19145, 12948 
20097, 12291 
20727, 11234 
21009, 09760 
20927, 07952 
20486, 05875 
19667, 03612 
18424, 01270 
16816, 64453 
14882, 62127 
12667, 60022 
10196, 58178 
07532, 56632 
04731, 55529 
01873, 54850 
64605, 54634 
61876, 54883 
59336, 55564 
57058, 56697 
55105, 58214 
53502, 60024 
52340, 62066 
51639, 64264 
51451, 00956 
51779, 03135 
52592, 05180 
53851, 07042 
55596, 08558 
57752, 09708 
60237, 10430 
62997, 10765 
00434, 10596 
03553, 09995 
06727, 08987 
09873, 07602 
12893, 05896 
15733, 03954 
18292, 01895 
20555, 65264 
22468, 63150 
23946, 61131 
25053, 59290 
25680, 57763 
25919, 56527 
25734, 55674 
25137, 55173 
24199, 55112 
22895, 55474 
21366, 56183 
19585, 57207 
17622, 58511 
15593, 60051 
13479, 61695 
11328, 63385 
09219, 65057 
07207, 01094 
05282, 02500 
03457, 03640 
01789, 04501 
00286, 05048 
64492, 05251 
63318, 05107 
62307, 04594 
61469, 03784 
60746, 02726 
60132, 01432 
59649, 65489 
59265, 63935 
58971, 62357 
58756, 60833 
58613, 59370 
58513, 58093 
58499, 57015 
58522, 56165 
58613, 55587 
58736, 55285 
58885, 55265 
59108, 55483 
59380, 55930 
59679, 56563 
60021, 57333 
60391, 58184 
60748, 59088 
61150, 59911 
61550, 60701 
61902, 61357 
62201, 61881 
62474, 62143 
62686, 62255 
62810, 62103 
62835, 61759 
62765, 61228 
62609, 60506 
62375, 59685 
62094, 58770 
61704, 57845 
61242, 56904 
60807, 56065 
60359, 55355 
59948, 54822 
59591, 54508 
59335, 54445 
59212, 54627 
59235, 55155 
59448, 55949 
59803, 56968 
60379, 58284 
61177, 59771 
62149, 61452 
63332, 63254 
64642, 65089 
00537, 01409 
02092, 03183 
03657, 04861 
05193, 06352 
06719, 07635 
08135, 08673 
09353, 09409 
10383, 09874 
11150, 09999 
11629, 09823 
11813, 09297 
11645, 08504 
11162, 07468 
10351, 06192 
09227, 04728 
07819, 03134 
06180, 01446 
04361, 65248 
02411, 63512 
00386, 61853 
63901, 60270 
61945, 58815 
60124, 57567 
58510, 56485 
57118, 55675 
56032, 55073 
55267, 54717 
54882, 54671 
54846, 54893 
55197, 55381 
55893, 56126 
56916, 57143 
58228, 58438 
59811, 59878 
61581, 61527 
63466, 63367 
65437, 65337 
01859, 01901 
03774, 04017 
05530, 06187 
07108, 08342 
08467, 10427 
09598, 12395 
10370, 14259 
10889, 15898 
11089, 17278 
10965, 18387 
10565, 19192 
09863, 19637 
08993, 19692 
07930, 19372 
06708, 18625 
05430, 17507 
04114, 15973 
02844, 14099 
01649, 11890 
00527, 09378 
65109, 06649 
64360, 03755 
63778, 00749 
63419, 63256 
63238, 60267 
63262, 57452 
63459, 54834 
63782, 52463 
64205, 50471 
64705, 48840 
65267, 47636 
00244, 46914 
00726, 46692 
01072, 46904 
01358, 47616 
01451, 48755 
01414, 50278 
01201, 52111 
00791, 54222 
00224, 56498 
65049, 58917 
64219, 61325 
63315, 63695 
62384, 00395 
61456, 02400 
60593, 04119 
59823, 05535 
59219, 06622 
58842, 07317 
58722, 07642 
58880, 07563 
59343, 07172 
60136, 06455 
61277, 05499 
62756, 04325 
64538, 03007 
01103, 01645 
03387, 00292 
05886, 64553 
08548, 63393 
11268, 62466 
13984, 61790 
16645, 61352 
19155, 61238 
21457, 61453 
23476, 61974 
25156, 62770 
26490, 63864 
27358, 65158 
27832, 01101 
27812, 02713 
27333, 04398 
26423, 06088 
25107, 07707 
23422, 09237 
21387, 10599 
19130, 11769 
16716, 12742 
14141, 13459 
11592, 13890 
09051, 14087 
06669, 14044 
04474, 13779 
02543, 13295 
00921, 12662 
65141, 11878 
64263, 11014 
63753, 10111 
63614, 09234 
63848, 08356 
64404, 07571 
65241, 06866 
00786, 06277 
02026, 05825 
03392, 05501 
04732, 05338 
06029, 05274 
07248, 05365 
08234, 05559 
08989, 05832 
09436, 06166 
09550, 06555 
09356, 06946 
08761, 07350 
07885, 07709 
06671, 08077 
05199, 08355 
03493, 08593 
01664, 08799 
65307, 08904 
63434, 08982 
61615, 08983 
60000, 08940 
58655, 08830 
57619, 08675 
56935, 08478 
56676, 08234 
56862, 07926 
57498, 07563 
58596, 07161 
60102, 06676 
61989, 06118 
64167, 05472 
01037, 04685 
03603, 03813 
06209, 02829 
08760, 01713 
11134, 00485 
13258, 64683 
15031, 63238 
16369, 61728 
17196, 60146 
17469, 58527 
17196, 56927 
16300, 55373 
14832, 53879 
12839, 52539 
10325, 51347 
07384, 50358 
04160, 49592 
00690, 49082 
62620, 48840 
59032, 48845 
55537, 49171 
52283, 49743 
49402, 50574 
46895, 51634 
44906, 52861 
43485, 54208 
42668, 55665 
42520, 57120 
42928, 58558 
43961, 59919 
45547, 61148 
47659, 62193 
50166, 63034 
53011, 63636 
56058, 63980 
59236, 64111 
62454, 63933 
00063, 63563 
03012, 62984 
05723, 62265 
08134, 61444 
10120, 60557 
11716, 59705 
12900, 58901 
13603, 58222 
13945, 57702 
13884, 57447 
13436, 57351 
12734, 57616 
11805, 58144 
10695, 58875 
09508, 59909 
08276, 61117 
07065, 62493 
05917, 64002 
04897, 65535 
04020, 01510 
03286, 02935 
02723, 04170 
02294, 05175 
01987, 05928 
01816, 06293 
01651, 06309 
01553, 05908 
01424, 05125 
01212, 03911 
00922, 02325 
00504, 00449 
65438, 63821 
64688, 61431 
63797, 58910 
62734, 56332 
61545, 53806 
60277, 51350 
58980, 49131 
57644, 47142 
56414, 45461 
55293, 44167 
54363, 43240 
53682, 42776 
53280, 42715 
53207, 43028 
53458, 43746 
54192, 44935 
55183, 46227 
56506, 47736 
58167, 49469 
60101, 51284 
62240, 53114 
64473, 54882 
01250, 56581 
03501, 58113 
05645, 59466 
07578, 60609 
09216, 61542 
10538, 62312 
11440, 62883 
11936, 63346 
11939, 63637 
11477, 63891 
10598, 64223 
09293, 64558 
07644, 65043 
05705, 00170 
03554, 01042 
01280, 02164 
64512, 03523 
62299, 05177 
60209, 07095 
58404, 09224 
56894, 11523 
55753, 13931 
55054, 16393 
54806, 18837 
55035, 21182 
55703, 23279 
56788, 25109 
58252, 26586 
60012, 27564 
62013, 27991 
64193, 27906 
00895, 27244 
03044, 25912 
05110, 23969 
06982, 21516 
08616, 18481 
09901, 14995 
10786, 11177 
11299, 07084 
11423, 02864 
11105, 64144 
10455, 60020 
09458, 56085 
08187, 52547 
06729, 49417 
05183, 46890 
03546, 44979 
01965, 43721 
00444, 43211 
64661, 43468 
63551, 44441 
62739, 46125 
62226, 48482 
61985, 51395 
62093, 54790 
62441, 58620 
63054, 62665 
63843, 01339 
64773, 05590 
00235, 09755 
01173, 13718 
02000, 17316 
02700, 20514 
03138, 23262 
03236, 25376 
03046, 26925 
02411, 27871 
01435, 28117 
00075, 27776 
63851, 26841 
61750, 25334 
59427, 23315 
56898, 20910 
54256, 18118 
51554, 15071 
48925, 11886 
46482, 08560 
44287, 05231 
42383, 02022 
40900, 64421 
39879, 61556 
39376, 58928 
39369, 56603 
39892, 54607 
40973, 52981 
42526, 51728 
44513, 50849 
46858, 50331 
49595, 50135 
52503, 50294 
55513, 50730 
58578, 51455 
61577, 52360 
64387, 53521 
01462, 54823 
03731, 56243 
05644, 57787 
07115, 59407 
08145, 61060 
08696, 62737 
08759, 64446 
08385, 00562 
07628, 02221 
06429, 03841 
04909, 05399 
03144, 06893 
01158, 08330 
64599, 09667 
62385, 10916 
60223, 12058 
58096, 13090 
56065, 13966 
54225, 14747 
52565, 15322 
51103, 15738 
49913, 15973 
48967, 16031 
48280, 15883 
47826, 15502 
47618, 14924 
47655, 14144 
47833, 13122 
48274, 11921 
48816, 10518 
49550, 08950 
50410, 07237 
51340, 05411 
52409, 03512 
53547, 01524 
54781, 65074 
56072, 63151 
57422, 61262 
58858, 59478 
60358, 57857 
61889, 56433 
63468, 55235 
65059, 54309 
01177, 53660 
02774, 53322 
04346, 53316 
05829, 53633 
07258, 54308 
08553, 55299 
09677, 56566 
10622, 58165 
11319, 60033 
11758, 62069 
11924, 64283 
11800, 01068 
11391, 03460 
10659, 05875 
09598, 08208 
08290, 10439 
06716, 12505 
04936, 14323 
03028, 15881 
00971, 17152 
64364, 18057 
62259, 18538 
60222, 18661 
58293, 18379 
56578, 17669 
55117, 16569 
53922, 15087 
53128, 13267 
52667, 11121 
52637, 08743 
52993, 06120 
53762, 03354 
54913, 00539 
56415, 63204 
58283, 60381 
60409, 57680 
62761, 55128 
65289, 52791 
02393, 50719 
05083, 48966 
07706, 47534 
10289, 46494 
12709, 45798 
14928, 45482 
16932, 45581 
18597, 45990 
19994, 46757 
21047, 47837 
21763, 49139 
22149, 50670 
22169, 52355 
21873, 54196 
21258, 56054 
20398, 57956 
19215, 59818 
17851, 61584 
16291, 63228 
14543, 64709 
12687, 00502 
10742, 01578 
08738, 02444 
06674, 03060 
04622, 03432 
02563, 03574 
00531, 03486 
64155, 03188 
62254, 02713 
60493, 02024 
58876, 01240 
57373, 00304 
56060, 64847 
54923, 63793 
53971, 62672 
53234, 61535 
52749, 60421 
52485, 59381 
52477, 58361 
52747, 57429 
53309, 56556 
54096, 55822 
55175, 55177 
56474, 54657 
57987, 54260 
59701, 53959 
61578, 53846 
63566, 53868 
00060, 53940 
02117, 54151 
04159, 54524 
06100, 54999 
07885, 55607 
09481, 56302 
10821, 57056 
11888, 57929 
12673, 58855 
13095, 59856 
13103, 60879 
12779, 61907 
12176, 62921 
11180, 63909 
09920, 64823 
08387, 00126 
06673, 00877 
04833, 01499 
02921, 01920 
01034, 02228 
64743, 02303 
63113, 02295 
61592, 01957 
60347, 01383 
59461, 00676 
58873, 65285 
58678, 64205 
58833, 62906 
59358, 61549 
60235, 60051 
61409, 58517 
62834, 56955 
64499, 55439 
00740, 53988 
02583, 52638 
04420, 51482 
06192, 50495 
07770, 49725 
09161, 49217 
10235, 48990 
10968, 49026 
11344, 49367 
11318, 50001 
10903, 50882 
10093, 52000 
08885, 53321 
07348, 54829 
05507, 56427 
03423, 58098 
01203, 59798 
64409, 61431 
62087, 62947 
59802, 64318 
57671, 65476 
55731, 00899 
54033, 01543 
52672, 01922 
51665, 01970 
50959, 01662 
50676, 01109 
50754, 00227 
51192, 64637 
51932, 63308 
52976, 61756 
54212, 60148 
55614, 58428 
57171, 56716 
58748, 55098 
60319, 53560 
61860, 52225 
63244, 51117 
64495, 50275 
00008, 49723 
00857, 49527 
01506, 49639 
01899, 50102 
02113, 50921 
02170, 52008 
02048, 53373 
01814, 54943 
01501, 56682 
01184, 58531 
00875, 60437 
00633, 62318 
00485, 64120 
00462, 00271 
00595, 01729 
00838, 02960 
01309, 03875 
01915, 04528 
02633, 04824 
03499, 04751 
04418, 04368 
05378, 03699 
06361, 02694 
07291, 01477 
08150, 00060 
08838, 64035 
09372, 62362 
09723, 60700 
09857, 59033 
09741, 57502 
09409, 56132 
08821, 54940 
08072, 53996 
07132, 53328 
06094, 53031 
04920, 52973 
03720, 53236 
02546, 53839 
01410, 54671 
00379, 55786 
65059, 57150 
64388, 58635 
63895, 60226 
63687, 61898 
63720, 63599 
63936, 65253 
64403, 01236 
65046, 02663 
00304, 03895 
01163, 04954 
02066, 05735 
02966, 06261 
03771, 06578 
04435, 06633 
04887, 06419 
05074, 05988 
04982, 05331 
04600, 04540 
03862, 03568 
02790, 02480 
01408, 01371 
65275, 00166 
63368, 64474 
61238, 63270 
59041, 62123 
56765, 60978 
54547, 59968 
52417, 59009 
50526, 58122 
48885, 57378 
47612, 56736 
46714, 56144 
46315, 55628 
46361, 55255 
46950, 54947 
48084, 54731 
49622, 54576 
51645, 54516 
54031, 54505 
56732, 54596 
59698, 54802 
62800, 55077 
00453, 55474 
03617, 56012 
06594, 56625 
09430, 57374 
11953, 58251 
14081, 59236 
15768, 60343 
17037, 61523 
17771, 62800 
18014, 64129 
17747, 65500 
17040, 01311 
15907, 02592 
14388, 03825 
12590, 04931 
10545, 05861 
08348, 06614 
06095, 07152 
03876, 07406 
01743, 07407 
65338, 07128 
63587, 06578 
62136, 05770 
61040, 04713 
60280, 03482 
59858, 02066 
59830, 00517 
60114, 64454 
60682, 62881 
61537, 61371 
62605, 59994 
63848, 58811 
65154, 57880 
00998, 57207 
02351, 56847 
03632, 56889 
04766, 57289 
05765, 58000 
06536, 59067 
07129, 60433 
07432, 62067 
07507, 63902 
07373, 00317 
06998, 02347 
06436, 04333 
05729, 06270 
04918, 08018 
03978, 09505 
02992, 10731 
02018, 11601 
01022, 12093 
00100, 12171 
64819, 11903 
64107, 11224 
63518, 10219 
63081, 08889 
62747, 07355 
62582, 05651 
62545, 03872 
62631, 02111 
62798, 00405 
63067, 64429 
63422, 63177 
63809, 62223 
64188, 61648 
64617, 61424 
65055, 61641 
65423, 62224 
00256, 63233 
00579, 64601 
00841, 00668 
01063, 02484 
01186, 04418 
01304, 06398 
01340, 08290 
01303, 10025 
01199, 11470 
01106, 12576 
00901, 13293 
00646, 13492 
00338, 13220 
65481, 12419 
65049, 11079 
64531, 09291 
63949, 07044 
63304, 04452 
62592, 01584 
61843, 64087 
60977, 60989 
60131, 57971 
59242, 55123 
58328, 52533 
57460, 50352 
56629, 48668 
55847, 47492 
55173, 46885 
54590, 46933 
54155, 47551 
53915, 48736 
53851, 50490 
53945, 52670 
54242, 55228 
54754, 58020 
55450, 60966 
56302, 63924 
57305, 01218 
58410, 03858 
59573, 06120 
60755, 07967 
61925, 09297 
63012, 10054 
63971, 10189 
64746, 09717 
65313, 08656 
00059, 07026 
00093, 04917 
65342, 02384 
64752, 65101 
63891, 62047 
62732, 58917 
61351, 55826 
59753, 52878 
58039, 50188 
56244, 47841 
54432, 45904 
52738, 44442 
51210, 43522 
49915, 43141 
48947, 43268 
48308, 43894 
48141, 44955 
48434, 46393 
49220, 48127 
50495, 50083 
52285, 52127 
54518, 54227 
57171, 56200 
60205, 58021 
63541, 59622 
01474, 60934 
05072, 61905 
08669, 62517 
12148, 62791 
15439, 62719 
18406, 62334 
21029, 61671 
23176, 60841 
24787, 59914 
25895, 58877 
26399, 57908 
26336, 57014 
25750, 56284 
24609, 55770 
23031, 55524 
21051, 55566 
18787, 55902 
16305, 56502 
13678, 57418 
11048, 58506 
08507, 59774 
06158, 61161 
03996, 62602 
02163, 63938 
00690, 65198 
65215, 00682 
64579, 01530 
64354, 02092 
64547, 02236 
65108, 02068 
00479, 01512 
01590, 00612 
02916, 64932 
04378, 63473 
05847, 61798 
07335, 60009 
08610, 58231 
09759, 56472 
10664, 54889 
11289, 53517 
11577, 52499 
11559, 51876 
11224, 51685 
10569, 51965 
09666, 52796 
08491, 54129 
07154, 55945 
05685, 58192 
04190, 60854 
02693, 63860 
01311, 01487 
00089, 04871 
64564, 08245 
63799, 11574 
63341, 14731 
63210, 17631 
63408, 20208 
63917, 22357 
64770, 24071 
00379, 25260 
01791, 25956 
03404, 26094 
05157, 25783 
07005, 25027 
08890, 23836 
10717, 22267 
12456, 20439 
14054, 18394 
15436, 16248 
16567, 13980 
17441, 11773 
17994, 09670 
18262, 07681 
18221, 05908 
17886, 04302 
17269, 02941 
16414, 01862 
15347, 00999 
14091, 00380 
12762, 00035 
11250, 65305 
09726, 65243 
08248, 65322 
06778, 65440 
05374, 00128 
04068, 00328 
02901, 00548 
01843, 00749 
00944, 00901 
00184, 01057 
65103, 01179 
64658, 01276 
64336, 01374 
64130, 01506 
64063, 01666 
64104, 01905 
64232, 02205 
64463, 02573 
64756, 03064 
65143, 03647 
00055, 04389 
00552, 05152 
01088, 06033 
01701, 06992 
02327, 07965 
03085, 08921 
03857, 09917 
04673, 10801 
05529, 11583 
06437, 12267 
07370, 12822 
08285, 13203 
09233, 13424 
10172, 13479 
11048, 13338 
11900, 13096 
12673, 12677 
13332, 12133 
13932, 11539 
14363, 10895 
14683, 10220 
14868, 09573 
14897, 08981 
14782, 08481 
14528, 08057 
14143, 07756 
13579, 07571 
12930, 07486 
12167, 07562 
11318, 07688 
10423, 07896 
09449, 08143 
08449, 08405 
07433, 08623 
06420, 08777 
05395, 08815 
04423, 08810 
03449, 08632 
02478, 08294 
01549, 07839 
00642, 07208 
65270, 06454 
64377, 05609 
63475, 04689 
62581, 03718 
61677, 02744 
60746, 01887 
59803, 01102 
58821, 00469 
57807, 00037 
56820, 65339 
55819, 65381 
54854, 00135 
53878, 00660 
52982, 01466 
52087, 02507 
51282, 03705 
50576, 05032 
49954, 06468 
49459, 07928 
49057, 09333 
48772, 10699 
48592, 11891 
48499, 12877 
48519, 13584 
48677, 13947 
48791, 14068 
48975, 13855 
49240, 13312 
49457, 12454 
49682, 11343 
49865, 09983 
50004, 08468 
50105, 06840 
50181, 05150 
50167, 03544 
50156, 02002 
50124, 00662 
50108, 65084 
50077, 64244 
50166, 63700 
50352, 63478 
50641, 63603 
51105, 64095 
51760, 64850 
52601, 00357 
53669, 01640 
54979, 03031 
56517, 04580 
58255, 06108 
60194, 07595 
62292, 09038 
64504, 10253 
01274, 11293 
03574, 12073 
05886, 12615 
08032, 12817 
10065, 12796 
11814, 12476 
13350, 11988 
14537, 11342 
15223, 10425 
15923, 09774 
15421, 08537 
16000, 08402 
13358, 06403 
15592, 08291 
59963, 59130 
53478, 53258 
58790, 56160 
58352, 55378 
61644, 57320 
62244, 57689 
64740, 59559 
00039, 60615 
01715, 62514 
02331, 63944 
03124, 00295 
03150, 01916 
02984, 03677 
02281, 05255 
01248, 06818 
65294, 08198 
63489, 09472 
61378, 10571 
59072, 11521 
56586, 12306 
54089, 12895 
51605, 13436 
49242, 13795 
47088, 14084 
45203, 14319 
43681, 14441 
42597, 14577 
41956, 14744 
41778, 14882 
42096, 15083 
42870, 15336 
44106, 15574 
45740, 15888 
47732, 16267 
49974, 16616 
52421, 16975 
54975, 17290 
57521, 17543 
60006, 17699 
62321, 17737 
64405, 17574 
00604, 17258 
02012, 16712 
02990, 15952 
03515, 14948 
03583, 13729 
03190, 12288 
02370, 10640 
01171, 08846 
65116, 06960 
63257, 04968 
61192, 02954 
58949, 01019 
56658, 64719 
54345, 63086 
52103, 61676 
50016, 60558 
48174, 59776 
46596, 59364 
45311, 59362 
44382, 59787 
43826, 60594 
43646, 61835 
43838, 63441 
44352, 65348 
45269, 01999 
46486, 04366 
47923, 06885 
49606, 09446 
51464, 11963 
53451, 14349 
55507, 16551 
57589, 18535 
59643, 20120 
61674, 21336 
63598, 22159 
65381, 22563 
01509, 22457 
02974, 21979 
04305, 21092 
05420, 19831 
06374, 18310 
07184, 16467 
07788, 14533 
08263, 12493 
08546, 10445 
08735, 08453 
08815, 06627 
08739, 05039 
08605, 03667 
08369, 02616 
08077, 01928 
07719, 01563 
07291, 01553 
06801, 01883 
06254, 02513 
05697, 03373 
05034, 04458 
04373, 05693 
03660, 06981 
02941, 08283 
02137, 09524 
01346, 10673 
00527, 11627 
65241, 12365 
64411, 12891 
63567, 13147 
62771, 13154 
62014, 12910 
61282, 12438 
60623, 11798 
60016, 11015 
59480, 10159 
59031, 09255 
58704, 08394 
58481, 07648 
58350, 07057 
58341, 06644 
58459, 06475 
58706, 06596 
59061, 06947 
59508, 07548 
60080, 08423 
60771, 09510 
61535, 10761 
62407, 12122 
63345, 13489 
64315, 14854 
65341, 16100 
00846, 17131 
01892, 17944 
02920, 18422 
03947, 18496 
04866, 18184 
05767, 17428 
06548, 16247 
07219, 14625 
07814, 12628 
08244, 10241 
08517, 07592 
08655, 04764 
08588, 01767 
08369, 64312 
08008, 61382 
07530, 58580 
06861, 56066 
06067, 53883 
05149, 52130 
04109, 50874 
03013, 50099 
01837, 49847 
00649, 50111 
65014, 50913 
63821, 52221 
62676, 53895 
61596, 55964 
60588, 58319 
59742, 60825 
58970, 63428 
58325, 00493 
57827, 03015 
57505, 05353 
57307, 07431 
57251, 09214 
57304, 10624 
57496, 11613 
57779, 12239 
58165, 12452 
58591, 12341 
59070, 11867 
59604, 11152 
60117, 10201 
60647, 09123 
61157, 08003 
61655, 06892 
62084, 05928 
62491, 05074 
62891, 04488 
63224, 04148 
63547, 04138 
63863, 04486 
64132, 05117 
64440, 06075 
64714, 07329 
65036, 08810 
65372, 10462 
00203, 12262 
00586, 14084 
01047, 15863 
01513, 17561 
01997, 19094 
02484, 20375 
02993, 21338 
03448, 22046 
03925, 22338 
04312, 22290 
04605, 21839 
04810, 21068 
04925, 20013 
04884, 18647 
04684, 17072 
04319, 15333 
03825, 13492 
03180, 11648 
02342, 09846 
01438, 08156 
00341, 06606 
64735, 05284 
63497, 04236 
62215, 03447 
60962, 02946 
59673, 02785 
58504, 02844 
57396, 03191 
56410, 03750 
55557, 04490 
54901, 05391 
54460, 06355 
54143, 07354 
54082, 08369 
54213, 09286 
54549, 10136 
55071, 10917 
55768, 11487 
56606, 11947 
57606, 12247 
58673, 12386 
59831, 12430 
61075, 12392 
62331, 12288 
63598, 12129 
64844, 12020 
00535, 11950 
01707, 11969 
02840, 12106 
03932, 12360 
04905, 12790 
05878, 13412 
06737, 14170 
07563, 15060 
08364, 16073 
09050, 17178 
09689, 18333 
10314, 19471 
10891, 20569 
11370, 21566 
11830, 22367 
12190, 22986 
12450, 23357 
12661, 23429 
12726, 23166 
12687, 22567 
12496, 21616 
12148, 20320 
11631, 18669 
10984, 16750 
10134, 14512 
09139, 12086 
07978, 09502 
06691, 06769 
05266, 04027 
03774, 01288 
02253, 64138 
00644, 61625 
64597, 59327 
63133, 57239 
61710, 55421 
60450, 53937 
59348, 52760 
58446, 51981 
57801, 51536 
57362, 51419 
57197, 51639 
57275, 52175 
57568, 52987 
58123, 54007 
58843, 55273 
59719, 56685 
60747, 58191 
61829, 59829 
62894, 61510 
63963, 63184 
64940, 64825 
00236, 00950 
00894, 02502 
01386, 03976 
01621, 05383 
01623, 06657 
01378, 07871 
00889, 08967 
00184, 09910 
64852, 10773 
63859, 11506 
62732, 12131 
61596, 12636 
60527, 13031 
59548, 13320 
58756, 13476 
58157, 13488 
57833, 13419 
57821, 13189 
58210, 12848 
58979, 12369 
60125, 11734 
61647, 10973 
63540, 10116 
00225, 09110 
02711, 08002 
05424, 06835 
08285, 05571 
11196, 04239 
14087, 02860 
16859, 01460 
19455, 00075 
21751, 64275 
23697, 62978 
25207, 61741 
26316, 60577 
26880, 59522 
26862, 58609 
26369, 57845 
25347, 57184 
23799, 56671 
21803, 56325 
19416, 56124 
16706, 56046 
13706, 56106 
10545, 56293 
07309, 56591 
04061, 57021 
00898, 57557 
63434, 58193 
60639, 58912 
58174, 59691 
55993, 60585 
54208, 61543 
52818, 62559 
51824, 63659 
51192, 64783 
50955, 00456 
51080, 01725 
51447, 02989 
52098, 04332 
52992, 05669 
53992, 07008 
55136, 08356 
56294, 09633 
57487, 10871 
58615, 12059 
59672, 13128 
60647, 14121 
61508, 14955 
62203, 15652 
62831, 16174 
63315, 16545 
63724, 16700 
64030, 16744 
64271, 16632 
64473, 16376 
64714, 15976 
64964, 15532 
65232, 14983 
00029, 14443 
00428, 13910 
00915, 13441 
01423, 13099 
02039, 12848 
02673, 12795 
03370, 12935 
04067, 13251 
04740, 13837 
05359, 14612 
05868, 15595 
06306, 16774 
06609, 18097 
06755, 19546 
06738, 21046 
06572, 22530 
06177, 23990 
05625, 25298 
04926, 26385 
04102, 27232 
03163, 27778 
02113, 27972 
01025, 27714 
65468, 27067 
64389, 25927 
63371, 24353 
62449, 22307 
61646, 19877 
60995, 17113 
60512, 13990 
60166, 10645 
60025, 07175 
60052, 03572 
60253, 00027 
60579, 62110 
61034, 58879 
61616, 55908 
62234, 53284 
62850, 51109 
63494, 49379 
64100, 48100 
64651, 47406 
65085, 47204 
65411, 47474 
00080, 48250 
00113, 49418 
00061, 50968 
65419, 52798 
65087, 54825 
64672, 57004 
64165, 59261 
63625, 61466 
63055, 63603 
62503, 00035 
61998, 01794 
61559, 03309 
61235, 04559 
61013, 05555 
60952, 06230 
61030, 06643 
61276, 06840 
61682, 06875 
62260, 06736 
62970, 06521 
63769, 06269 
64693, 06075 
00159, 05953 
01188, 05968 
02254, 06171 
03323, 06567 
04329, 07214 
05249, 08106 
06054, 09205 
06761, 10529 
07281, 12020 
07646, 13635 
07864, 15323 
07889, 17024 
07724, 18677 
07364, 20230 
06824, 21553 
06094, 22656 
05237, 23465 
04204, 23948 
03035, 24012 
01756, 23732 
00371, 23022 
64416, 21932 
62861, 20475 
61279, 18669 
59621, 16609 
57991, 14287 
56346, 11858 
54707, 09320 
53145, 06781 
51633, 04299 
50193, 01971 
48898, 65393 
47673, 63502 
46665, 61972 
45806, 60755 
45150, 59886 
44692, 59397 
44497, 59241 
44525, 59464 
44765, 59987 
45329, 60761 
46132, 61775 
47147, 62933 
48451, 64191 
49939, 65467 
51620, 01212 
53460, 02390 
55425, 03410 
57498, 04263 
59564, 04957 
61653, 05329 
63659, 05513 
00030, 05431 
01807, 05119 
03400, 04560 
04797, 03806 
05898, 02889 
06758, 01829 
07333, 00687 
07623, 65044 
07680, 63829 
07458, 62667 
07017, 61558 
06371, 60515 
05601, 59589 
04711, 58822 
03773, 58131 
02823, 57578 
01926, 57151 
01111, 56823 
00472, 56565 
00011, 56359 
65270, 56176 
65281, 56014 
65505, 55778 
00466, 55541 
01216, 55201 
02169, 54801 
03381, 54299 
04732, 53714 
06237, 53042 
07855, 52316 
09499, 51505 
11148, 50689 
12766, 49853 
14314, 49021 
15730, 48295 
16955, 47671 
18015, 47146 
18870, 46809 
19529, 46669 
19979, 46690 
20203, 46957 
20227, 47444 
20098, 48145 
19839, 49078 
19466, 50202 
19023, 51478 
18536, 52929 
18007, 54477 
17567, 56063 
17151, 57668 
16839, 59271 
16616, 60824 
16495, 62270 
16470, 63551 
16586, 64704 
16793, 00099 
17101, 00836 
17499, 01353 
17941, 01672 
18377, 01760 
18909, 01632 
19346, 01370 
19823, 00921 
20234, 00354 
20572, 65288 
20863, 64611 
21081, 63896 
21224, 63234 
21310, 62670 
21314, 62162 
21302, 61775 
21201, 61536 
21102, 61463 
20988, 61551 
20846, 61828 
20705, 62265 
20536, 62816 
20414, 63533 
20246, 64324 
20088, 65208 
19877, 00609 
19665, 01548 
19331, 02463 
18920, 03308 
18408, 04080 
17739, 04760 
16924, 05273 
15979, 05618 
14812, 05819 
13517, 05806 
12026, 05629 
10364, 05248 
08639, 04740 
06765, 04048 
04881, 03252 
02956, 02354 
01097, 01364 
64847, 00362 
63218, 64882 
61795, 63898 
60629, 62924 
59776, 62071 
59282, 61345 
59146, 60747 
59387, 60308 
60052, 60002 
61083, 59878 
62497, 59904 
64241, 60133 
00718, 60471 
03006, 60967 
05432, 61548 
07936, 62224 
10455, 62942 
12953, 63644 
15277, 64361 
17393, 65056 
19299, 00120 
20824, 00614 
22015, 00973 
22812, 01191 
23219, 01255 
23205, 01159 
22799, 00886 
22068, 00504 
20959, 65450 
19604, 64779 
18062, 64013 
16349, 63115 
14565, 62256 
12749, 61381 
10973, 60542 
09305, 59757 
07757, 59106 
06425, 58603 
05286, 58257 
04379, 58115 
03680, 58188 
03206, 58441 
02924, 58946 
02811, 59681 
02776, 60611 
02829, 61667 
02918, 62903 
03007, 64254 
03017, 00104 
02945, 01501 
02682, 02863 
02327, 04120 
01831, 05232 
01122, 06153 
00284, 06889 
64886, 07307 
63835, 07412 
62735, 07199 
61684, 06671 
60680, 05785 
59783, 04585 
59066, 03047 
58594, 01237 
58388, 64705 
58476, 62464 
58871, 60050 
59621, 57572 
60700, 55084 
62092, 52607 
63736, 50265 
00050, 48073 
02100, 46104 
04228, 44446 
06334, 43082 
08393, 42080 
10259, 41455 
11902, 41223 
13206, 41365 
14138, 41942 
14650, 42827 
14645, 44023 
14163, 45520 
13193, 47257 
11724, 49164 
09825, 51180 
07488, 53247 
04854, 55247 
01959, 57174 
64417, 58991 
61297, 60577 
58191, 61902 
55235, 62938 
52555, 63630 
50159, 64016 
48175, 64040 
46675, 63732 
45673, 63082 
45256, 62164 
45410, 60949 
46085, 59500 
47321, 57931 
49038, 56221 
51227, 54504 
53793, 52767 
56616, 51145 
59672, 49619 
62842, 48354 
00505, 47311 
03640, 46567 
06644, 46153 
09414, 46104 
11919, 46424 
14099, 47140 
15901, 48235 
17333, 49673 
18361, 51470 
19001, 53549 
19262, 55923 
19224, 58486 
18868, 61229 
18280, 64048 
17486, 01412 
16530, 04265 
15489, 07037 
14413, 09747 
13337, 12223 
12313, 14499 
11413, 16517 
10573, 18282 
09847, 19704 
09266, 20835 
08872, 21646 
08571, 22136 
08365, 22341 
08301, 22250 
08288, 21899 
08339, 21341 
08453, 20587 
08578, 19676 
08692, 18630 
08779, 17528 
08824, 16369 
08839, 15210 
08800, 14037 
08752, 12881 
08655, 11835 
08479, 10829 
08284, 09888 
08098, 09049 
07917, 08234 
07688, 07526 
07485, 06842 
07330, 06209 
07158, 05601 
07003, 04944 
06837, 04282 
06668, 03594 
06503, 02841 
06260, 02031 
05947, 01139 
05588, 00139 
05121, 64621 
04482, 63505 
03706, 62308 
02804, 61029 
01715, 59784 
00424, 58506 
64530, 57259 
62921, 56048 
61179, 54900 
59271, 53879 
57342, 52954 
55306, 52180 
53228, 51563 
51214, 51101 
49289, 50806 
47444, 50669 
45765, 50670 
44339, 50825 
43133, 51123 
42188, 51512 
41566, 51949 
41253, 52432 
